/*============================================================================

  Copyright (c) 2017 Qualcomm Technologies, Inc.
  All Rights Reserved.
  Confidential and Proprietary - Qualcomm Technologies, Inc.

============================================================================*/

//=========================================================================
// Chromatix header version info (MUST BE THE FIRST PARAMETER)
//=========================================================================

/* Header Version Info */
{
   0x0310, /* Chromatix Version */
   0, /* Revision */
   /* Chromatix App Version */
   {
      6, /* Major */
      13, /* Minor */
      1, /* Revision */
      0, /* Build */
   },
   HEADER_3A, /* Header Type */
   0, /* Is Compressed */
   0, /* Is Mono */
   0, /* Is Video */
   0, /* Reserved Align */
   MODE_UNKNOWN, /* Chromatix Mode */
   0, /* Target ID */
   0, /* Chromatix ID */
   /* Reserved */
   {
      0, 0, 0, 0
   }
},

{
    0,
    0,
},
  //=========================================================================
  // SHDR mode
  //=========================================================================
  {
  /*shdr_aec_tuning_type*/
    {
    0,         /*shdr_enable*/
    8,         /*num_lut_entries*/
    6,         /*num_lowlight_lut_entries*/
    0,         /*pre_Bhist_inverse_map*/
    0.10f,     /*temporal_filter1*/
    0.5f,      /*temporal_filter2*/
    /*exp_ratio, gtm, exp_up, exp_low, non_linear_low, non_linear_high, reserved[5] */
    {   {64.0f, 0.400f, 1.50f, 1.00f, 4, 220,{0.0f}},
        {48.0f, 0.418f, 1.50f, 1.00f, 4, 220,{0.0f}},
        {32.0f, 0.444f, 1.50f, 1.00f, 4, 220,{0.0f}},
        {24.0f, 0.467f, 1.30f, 1.00f, 4, 220,{0.0f}},
        {16.0f, 0.500f, 1.20f, 1.00f, 4, 220,{0.0f}},
        {12.0f, 0.530f, 1.20f, 1.00f, 4, 220,{0.0f}},
        { 8.0f, 0.570f, 1.00f, 1.00f, 4, 220,{0.0f}},
        { 4.0f, 0.670f, 1.00f, 1.00f, 4, 220,{0.0f}},
    },
    /*lux_index, k, exp_ratio_up_limit, exp_ratio_low_light, reserved[5] */
    {   {122,0.125f,64.0f,4.0f,{0.0f}},
        {168,0.125f,64.0f,4.0f,{0.0f}},
        {192,0.125f,64.0f,4.0f,{0.0f}},
        {215,0.125f,64.0f,4.0f,{0.0f}},
        {239,0.125f,64.0f,4.0f,{0.0f}},
        {262,0.125f,64.0f,4.0f,{0.0f}},
    },
    {0.0f}, /* reserved */
    },

  /*shdr_bayer_proc_tuning_type*/
    {
    10,            /* adc_bit_depth */
    12,            /* tm_out_bit_depth */
    0.65,          /* bayer_gtm_gamma */
    500,           /* hdr_dark_n1 */
    500.0,         /* hdr_dark_n2_minus_n1_normalization_factor */
    4,             /* hdr_max_weight */
    1.6,           /* tm_gain */
    16.0,          /* hdr_ratio */
    1,             /* perf_hint */
    1,             /* num_gpu_passes */
    },

  /*shdr_ltm_tuning_type*/
    {
    0,            /* auto_ltm_enable */
    0,            /* halo_score_target */
    128,          /* brightness_target */
    20.0f,        /* contrast_target */
    7.9f,         /* ltm_gain_limit */
    20,           /* low_code_tone_end */
    20,           /* mid_tone_start */
    60,           /* mid_tone_end */
    0.078125f,    /* smear_prev_low_limit */
    0.234375f,     /* smear_prev_high_limit */
    },

  /*reserved[200]*/
    {
    0.0f,
    },

  },

  //=========================================================================
  // TNR mode
  //=========================================================================
  {
  0,
  },


//=========================================================================
// IR Mode
//=========================================================================
{
    //IR_CHRO
    /* ir_mode_enable */
    1,

    /* ir_led_adj */
    {
      /* ir_led_enable */
      1,
      /* ir_led_intensity_unit */
      0.25,
      /* ir_led_intensity_idx_max */
      400,
      /* ir_led_intensity_idx_min */
      1,
    },
    /* ir_als_adjust_type */
    {
      /* ir_lightsensor_enable */
      0,
      /* day2ir_switch_pt */
      1000.0,
      /* ir2day_switch_pt */
      10000.0,
    },
     /* ir_center_weight */
     {
          {
             0.101600f, 0.103330f, 0.108220f, 0.115420f, 0.123690f, 0.131600f, 0.137780f, 0.141160f, 0.141160f, 0.137780f, 0.131600f, 0.123690f, 0.115420f, 0.108220f, 0.103330f, 0.101600f
          },
          {
             0.103330f, 0.106930f, 0.117100f, 0.132080f, 0.149290f, 0.165750f, 0.178610f, 0.185650f, 0.185650f, 0.178610f, 0.165750f, 0.149290f, 0.132080f, 0.117100f, 0.106930f, 0.103330f
          },
          {
             0.108220f, 0.117100f, 0.142200f, 0.179190f, 0.221670f, 0.262290f, 0.294040f, 0.311410f, 0.311410f, 0.294030f, 0.262290f, 0.221670f, 0.179190f, 0.142200f, 0.117100f, 0.108220f
          },
          {
             0.115420f, 0.132080f, 0.179190f, 0.248600f, 0.328310f, 0.404540f, 0.464100f, 0.496700f, 0.496700f, 0.464100f, 0.404540f, 0.328310f, 0.248600f, 0.179190f, 0.132080f, 0.115420f
          },
          {
             0.123690f, 0.149290f, 0.221670f, 0.328310f, 0.450780f, 0.567890f, 0.659400f, 0.709490f, 0.709490f, 0.659400f, 0.567890f, 0.450770f, 0.328310f, 0.221670f, 0.149290f, 0.123690f
          },
          {
             0.131600f, 0.165750f, 0.262290f, 0.404540f, 0.567890f, 0.724100f, 0.846170f, 0.912970f, 0.912970f, 0.846160f, 0.724100f, 0.567890f, 0.404530f, 0.262290f, 0.165750f, 0.131600f
          },
          {
             0.137780f, 0.178610f, 0.294040f, 0.464100f, 0.659400f, 0.846170f, 0.992100f, 1.000000f, 1.000000f, 0.992100f, 0.846160f, 0.659390f, 0.464100f, 0.294030f, 0.178610f, 0.137780f
          },
          {
             0.141160f, 0.185650f, 0.311410f, 0.496700f, 0.709490f, 0.912970f, 1.000000f, 1.000000f, 1.000000f, 1.000000f, 0.912960f, 0.709480f, 0.496690f, 0.311400f, 0.185640f, 0.141160f
          },
          {
             0.141160f, 0.185650f, 0.311410f, 0.496700f, 0.709490f, 0.912970f, 1.000000f, 1.000000f, 1.000000f, 1.000000f, 0.912960f, 0.709480f, 0.496690f, 0.311400f, 0.185640f, 0.141160f
          },
          {
             0.137780f, 0.178610f, 0.294030f, 0.464100f, 0.659400f, 0.846160f, 0.992100f, 1.000000f, 1.000000f, 0.992090f, 0.846160f, 0.659390f, 0.464090f, 0.294030f, 0.178610f, 0.137780f
          },
          {
             0.131600f, 0.165750f, 0.262290f, 0.404540f, 0.567890f, 0.724100f, 0.846160f, 0.912960f, 0.912960f, 0.846160f, 0.724090f, 0.567880f, 0.404530f, 0.262290f, 0.165750f, 0.131600f
          },
          {
             0.123690f, 0.149290f, 0.221670f, 0.328310f, 0.450770f, 0.567890f, 0.659390f, 0.709480f, 0.709480f, 0.659390f, 0.567880f, 0.450770f, 0.328310f, 0.221670f, 0.149290f, 0.123690f
          },
          {
             0.115420f, 0.132080f, 0.179190f, 0.248600f, 0.328310f, 0.404530f, 0.464100f, 0.496690f, 0.496690f, 0.464090f, 0.404530f, 0.328310f, 0.248600f, 0.179190f, 0.132080f, 0.115420f
          },
          {
             0.108220f, 0.117100f, 0.142200f, 0.179190f, 0.221670f, 0.262290f, 0.294030f, 0.311400f, 0.311400f, 0.294030f, 0.262290f, 0.221670f, 0.179190f, 0.142200f, 0.117100f, 0.108220f
          },
          {
             0.103330f, 0.106930f, 0.117100f, 0.132080f, 0.149290f, 0.165750f, 0.178610f, 0.185640f, 0.185640f, 0.178610f, 0.165750f, 0.149290f, 0.132080f, 0.117100f, 0.106930f, 0.103330f
          },
          {
             0.101600f, 0.103330f, 0.108220f, 0.115420f, 0.123690f, 0.131600f, 0.137780f, 0.141160f, 0.141160f, 0.137780f, 0.131600f, 0.123690f, 0.115420f, 0.108220f, 0.103330f, 0.101600f
          },
    },
    /* ir_highlight_suppress_weight */
    {
     0.200000f,  0.200000f,  0.203250f,  0.206148f,  0.209334f,  0.212421f,  0.216124f,  0.221063f,  0.226232f,  0.231911f,  0.238239f,  0.245910f,  0.254321f,  0.263580f,  0.273457f,  0.285185f,
     0.200000f,  0.206148f,  0.212421f,  0.221063f,  0.231911f,  0.245910f,  0.263580f,  0.285185f,  0.310802f,  0.341975f,  0.380864f,  0.430864f,  0.496296f,  0.579012f,  0.675926f,  0.787654f,
     0.203250f,  0.212421f,  0.226232f,  0.245910f,  0.273457f,  0.310802f,  0.360494f,  0.430864f,  0.534568f,  0.675926f,  0.844444f,  1.009259f,  1.129630f,  1.185185f,  1.166667f,  1.101852f,
     0.206148f,  0.221063f,  0.245910f,  0.285185f,  0.341975f,  0.430864f,  0.579012f,  0.787654f,  1.009259f,  1.158025f,  1.180247f,  1.101852f,  0.966358f,  0.815776f,  0.691643f,  0.616667f,
    },

    /* ir_mode_conv_speed */
    0.3,
    /* day2ir_exp_index */
    300,
    /* ir2day_exp_index */
    250,
    /* ir_mode_day2ir_check_cnt */
    2,
    /* ir_mode_ir2day_check_cnt */
    2,
    /* ir_mode_skip_check_cnt */
    5,
    /* ir_mode_aec_skip_cnt; */
    3,

    /* ir_daylight_distribution_adjust_type */
    {
      /* normal_light_cnt_thres */
      0.3,
      /* normal_light_target_thres */
      0.5,
      /* normal_light_GB_ratio_max */
      107,
      /* normal_light_GB_ratio_min */
      93,
      /* normal_light_GR_ratio_max */
      107,
      /* normal_light_GR_ratio_min */
      93,
      /* normal_light_RB_ratio_max */
      110,
      /* normal_light_RB_ratio_min */
      90,
      /* ir_distribution_weight */
      {
          {
             0.101600f, 0.103330f, 0.108220f, 0.115420f, 0.123690f, 0.131600f, 0.137780f, 0.141160f, 0.141160f, 0.137780f, 0.131600f, 0.123690f, 0.115420f, 0.108220f, 0.103330f, 0.101600f
          },
          {
             0.103330f, 0.106930f, 0.117100f, 0.132080f, 0.149290f, 0.165750f, 0.178610f, 0.185650f, 0.185650f, 0.178610f, 0.165750f, 0.149290f, 0.132080f, 0.117100f, 0.106930f, 0.103330f
          },
          {
             0.108220f, 0.117100f, 0.142200f, 0.179190f, 0.221670f, 0.262290f, 0.294040f, 0.311410f, 0.311410f, 0.294030f, 0.262290f, 0.221670f, 0.179190f, 0.142200f, 0.117100f, 0.108220f
          },
          {
             0.115420f, 0.132080f, 0.179190f, 0.248600f, 0.328310f, 0.404540f, 0.464100f, 0.496700f, 0.496700f, 0.464100f, 0.404540f, 0.328310f, 0.248600f, 0.179190f, 0.132080f, 0.115420f
          },
          {
             0.123690f, 0.149290f, 0.221670f, 0.328310f, 0.450780f, 0.567890f, 0.659400f, 0.709490f, 0.709490f, 0.659400f, 0.567890f, 0.450770f, 0.328310f, 0.221670f, 0.149290f, 0.123690f
          },
          {
             0.131600f, 0.165750f, 0.262290f, 0.404540f, 0.567890f, 0.724100f, 0.846170f, 0.912970f, 0.912970f, 0.846160f, 0.724100f, 0.567890f, 0.404530f, 0.262290f, 0.165750f, 0.131600f
          },
          {
             0.137780f, 0.178610f, 0.294040f, 0.464100f, 0.659400f, 0.846170f, 0.992100f, 1.000000f, 1.000000f, 0.992100f, 0.846160f, 0.659390f, 0.464100f, 0.294030f, 0.178610f, 0.137780f
          },
          {
             0.141160f, 0.185650f, 0.311410f, 0.496700f, 0.709490f, 0.912970f, 1.000000f, 1.000000f, 1.000000f, 1.000000f, 0.912960f, 0.709480f, 0.496690f, 0.311400f, 0.185640f, 0.141160f
          },
          {
             0.141160f, 0.185650f, 0.311410f, 0.496700f, 0.709490f, 0.912970f, 1.000000f, 1.000000f, 1.000000f, 1.000000f, 0.912960f, 0.709480f, 0.496690f, 0.311400f, 0.185640f, 0.141160f
          },
          {
             0.137780f, 0.178610f, 0.294030f, 0.464100f, 0.659400f, 0.846160f, 0.992100f, 1.000000f, 1.000000f, 0.992090f, 0.846160f, 0.659390f, 0.464090f, 0.294030f, 0.178610f, 0.137780f
          },
          {
             0.131600f, 0.165750f, 0.262290f, 0.404540f, 0.567890f, 0.724100f, 0.846160f, 0.912960f, 0.912960f, 0.846160f, 0.724090f, 0.567880f, 0.404530f, 0.262290f, 0.165750f, 0.131600f
          },
          {
             0.123690f, 0.149290f, 0.221670f, 0.328310f, 0.450770f, 0.567890f, 0.659390f, 0.709480f, 0.709480f, 0.659390f, 0.567880f, 0.450770f, 0.328310f, 0.221670f, 0.149290f, 0.123690f
          },
          {
             0.115420f, 0.132080f, 0.179190f, 0.248600f, 0.328310f, 0.404530f, 0.464100f, 0.496690f, 0.496690f, 0.464090f, 0.404530f, 0.328310f, 0.248600f, 0.179190f, 0.132080f, 0.115420f
          },
          {
             0.108220f, 0.117100f, 0.142200f, 0.179190f, 0.221670f, 0.262290f, 0.294030f, 0.311400f, 0.311400f, 0.294030f, 0.262290f, 0.221670f, 0.179190f, 0.142200f, 0.117100f, 0.108220f
          },
          {
             0.103330f, 0.106930f, 0.117100f, 0.132080f, 0.149290f, 0.165750f, 0.178610f, 0.185640f, 0.185640f, 0.178610f, 0.165750f, 0.149290f, 0.132080f, 0.117100f, 0.106930f, 0.103330f
          },
          {
             0.101600f, 0.103330f, 0.108220f, 0.115420f, 0.123690f, 0.131600f, 0.137780f, 0.141160f, 0.141160f, 0.137780f, 0.131600f, 0.123690f, 0.115420f, 0.108220f, 0.103330f, 0.101600f
          },
      },
       },
},
//=========================================================================
// LCAC Data
//=========================================================================
{
  1,  /*enable*/
  2,  /*peak_filter_kernel_size*/
  5,  /*local_chromaticity_threshold*/
  180,  /*saturated_luma*/
  200,  /*saturated_contrast*/
  8,  /*peak_threshold*/
  5,  /*bleeding_threshold*/
  {   /*cac_correction_kernel*/
    2, 2, 3, 3, 4, 4, 5, 5
  },
  {   /*color_weight*/
    {
      { 0,0,0,1,1,1,1,1 },
      { 0,0,1,1,1,1,1,1 },
      { 0,1,1,1,1,1,1,1 },
      { 1,1,1,1,1,1,1,0 },
      { 1,1,1,0,0,0,0,0 },
      { 1,1,1,0,0,0,0,0 },
      { 1,1,1,0,0,0,0,0 },
      { 0,0,0,0,0,0,0,0 },
    },
    {
      { 1,1,1,1,1,1,1,1 },
      { 1,1,1,1,1,1,1,1 },
      { 1,1,1,1,1,1,1,1 },
      { 1,1,1,1,1,1,1,0 },
      { 1,1,1,1,1,1,0,0 },
      { 1,1,1,1,0,0,0,0 },
      { 1,1,1,0,0,0,0,0 },
      { 1,0,0,0,0,0,0,0 },
    },
  },
  { 50,50,40,40,40,40,30,20 }, /*contrast_threshold*/
  { 64,64,64,64,64,64,64,40 }, /*luma_threshold*/
},
//=========================================================================
// IOT Reserve
//=========================================================================
{
    {
      0,
    },
    {
      0,
    },
},

#ifdef CUSTOM_TUNING
//=========================================================================
// DGTC
//=========================================================================
{
    /*filter_type*/
    0,
    /*ldc_en*/
    0,
    /*rotation_relative_coord*/
    0,
    /*horizon_level_correction*/
    0,
    /*filter_param*/
    {
      0,
    },
    /*reserved*/
    {
      0,
    },
},

//=========================================================================
// LDC
//=========================================================================
{
  /*ldc_mesh*/
  {
    /*block_w*/
    129,
    /*block_h*/
    97,
    /*input_width*/
    3840,
    /*input_height*/
    2160,
    /*output_width*/
    3840,
    /*output_height*/
    2160,
    /*type*/
    0,
    /*mapping*/
    {
      {1.00f, 0.00f,  523.01f,  0.00f,  1.00f,  298.75f,  0.00f,  0.00f,  1.00f},
      {1.00f, 0.00f,  507.25f,  0.00f,  1.00f,  294.44f,  0.00f,  0.00f,  1.00f},
      {1.00f, 0.00f,  491.77f,  0.00f,  1.00f,  290.16f,  0.00f,  0.00f,  1.00f},
      {1.00f, 0.00f,  476.56f,  0.00f,  1.00f,  285.88f,  0.00f,  0.00f,  1.00f},
      {1.00f, 0.00f,  461.61f,  0.00f,  1.00f,  281.63f,  0.00f,  0.00f,  1.00f},
      {1.00f, 0.00f,  446.92f,  0.00f,  1.00f,  277.38f,  0.00f,  0.00f,  1.00f},
      {1.00f, 0.00f,  432.48f,  0.00f,  1.00f,  273.14f,  0.00f,  0.00f,  1.00f},
      {1.00f, 0.00f,  418.29f,  0.00f,  1.00f,  268.92f,  0.00f,  0.00f,  1.00f},
      {1.00f, 0.00f,  404.35f,  0.00f,  1.00f,  264.70f,  0.00f,  0.00f,  1.00f},
      {1.00f, 0.00f,  390.66f,  0.00f,  1.00f,  260.49f,  0.00f,  0.00f,  1.00f},
      {1.00f, 0.00f,  377.21f,  0.00f,  1.00f,  256.28f,  0.00f,  0.00f,  1.00f},
      {1.00f, 0.00f,  364.01f,  0.00f,  1.00f,  252.08f,  0.00f,  0.00f,  1.00f},
      {1.00f, 0.00f,  351.05f,  0.00f,  1.00f,  247.89f,  0.00f,  0.00f,  1.00f},
      {1.00f, 0.00f,  338.34f,  0.00f,  1.00f,  243.71f,  0.00f,  0.00f,  1.00f},
      {1.00f, 0.00f,  325.88f,  0.00f,  1.00f,  239.54f,  0.00f,  0.00f,  1.00f},
      {1.00f, 0.00f,  313.67f,  0.00f,  1.00f,  235.38f,  0.00f,  0.00f,  1.00f},
      {1.00f, 0.00f,  301.70f,  0.00f,  1.00f,  231.23f,  0.00f,  0.00f,  1.00f},
      {1.00f, 0.00f,  289.99f,  0.00f,  1.00f,  227.10f,  0.00f,  0.00f,  1.00f},
      {1.00f, 0.00f,  278.53f,  0.00f,  1.00f,  222.98f,  0.00f,  0.00f,  1.00f},
      {1.00f, 0.00f,  267.32f,  0.00f,  1.00f,  218.88f,  0.00f,  0.00f,  1.00f},
      {1.00f, 0.00f,  256.36f,  0.00f,  1.00f,  214.80f,  0.00f,  0.00f,  1.00f},
      {1.00f, 0.00f,  245.67f,  0.00f,  1.00f,  210.75f,  0.00f,  0.00f,  1.00f},
      {1.00f, 0.00f,  235.23f,  0.00f,  1.00f,  206.72f,  0.00f,  0.00f,  1.00f},
      {1.00f, 0.00f,  225.05f,  0.00f,  1.00f,  202.72f,  0.00f,  0.00f,  1.00f},
      {1.00f, 0.00f,  215.13f,  0.00f,  1.00f,  198.76f,  0.00f,  0.00f,  1.00f},
      {1.00f, 0.00f,  205.47f,  0.00f,  1.00f,  194.83f,  0.00f,  0.00f,  1.00f},
      {1.00f, 0.00f,  196.07f,  0.00f,  1.00f,  190.94f,  0.00f,  0.00f,  1.00f},
      {1.00f, 0.00f,  186.93f,  0.00f,  1.00f,  187.09f,  0.00f,  0.00f,  1.00f},
      {1.00f, 0.00f,  178.06f,  0.00f,  1.00f,  183.29f,  0.00f,  0.00f,  1.00f},
      {1.00f, 0.00f,  169.44f,  0.00f,  1.00f,  179.54f,  0.00f,  0.00f,  1.00f},
      {1.00f, 0.00f,  161.09f,  0.00f,  1.00f,  175.84f,  0.00f,  0.00f,  1.00f},
      {1.00f, 0.00f,  152.99f,  0.00f,  1.00f,  172.20f,  0.00f,  0.00f,  1.00f},
      {1.00f, 0.00f,  145.16f,  0.00f,  1.00f,  168.62f,  0.00f,  0.00f,  1.00f},
      {1.00f, 0.00f,  137.57f,  0.00f,  1.00f,  165.10f,  0.00f,  0.00f,  1.00f},
      {1.00f, 0.00f,  130.24f,  0.00f,  1.00f,  161.65f,  0.00f,  0.00f,  1.00f},
      {1.00f, 0.00f,  123.16f,  0.00f,  1.00f,  158.27f,  0.00f,  0.00f,  1.00f},
      {1.00f, 0.00f,  116.33f,  0.00f,  1.00f,  154.97f,  0.00f,  0.00f,  1.00f},
      {1.00f, 0.00f,  109.75f,  0.00f,  1.00f,  151.74f,  0.00f,  0.00f,  1.00f},
      {1.00f, 0.00f,  103.40f,  0.00f,  1.00f,  148.60f,  0.00f,  0.00f,  1.00f},
      {1.00f, 0.00f,  97.28f, 0.00f,  1.00f,  145.54f,  0.00f,  0.00f,  1.00f},
      {1.00f, 0.00f,  91.40f, 0.00f,  1.00f,  142.58f,  0.00f,  0.00f,  1.00f},
      {1.00f, 0.00f,  85.75f, 0.00f,  1.00f,  139.70f,  0.00f,  0.00f,  1.00f},
      {1.00f, 0.00f,  80.31f, 0.00f,  1.00f,  136.92f,  0.00f,  0.00f,  1.00f},
      {1.00f, 0.00f,  75.09f, 0.00f,  1.00f,  134.24f,  0.00f,  0.00f,  1.00f},
      {1.00f, 0.00f,  70.07f, 0.00f,  1.00f,  131.66f,  0.00f,  0.00f,  1.00f},
      {1.00f, 0.00f,  65.25f, 0.00f,  1.00f,  129.19f,  0.00f,  0.00f,  1.00f},
      {1.00f, 0.00f,  60.63f, 0.00f,  1.00f,  126.82f,  0.00f,  0.00f,  1.00f},
      {1.00f, 0.00f,  56.19f, 0.00f,  1.00f,  124.56f,  0.00f,  0.00f,  1.00f},
      {1.00f, 0.00f,  51.93f, 0.00f,  1.00f,  122.42f,  0.00f,  0.00f,  1.00f},
      {1.00f, 0.00f,  47.83f, 0.00f,  1.00f,  120.40f,  0.00f,  0.00f,  1.00f},
      {1.00f, 0.00f,  43.90f, 0.00f,  1.00f,  118.49f,  0.00f,  0.00f,  1.00f},
      {1.00f, 0.00f,  40.11f, 0.00f,  1.00f,  116.71f,  0.00f,  0.00f,  1.00f},
      {1.00f, 0.00f,  36.47f, 0.00f,  1.00f,  115.04f,  0.00f,  0.00f,  1.00f},
      {1.00f, 0.00f,  32.96f, 0.00f,  1.00f,  113.51f,  0.00f,  0.00f,  1.00f},
      {1.00f, 0.00f,  29.57f, 0.00f,  1.00f,  112.10f,  0.00f,  0.00f,  1.00f},
      {1.00f, 0.00f,  26.29f, 0.00f,  1.00f,  110.82f,  0.00f,  0.00f,  1.00f},
      {1.00f, 0.00f,  23.11f, 0.00f,  1.00f,  109.67f,  0.00f,  0.00f,  1.00f},
      {1.00f, 0.00f,  20.02f, 0.00f,  1.00f,  108.65f,  0.00f,  0.00f,  1.00f},
      {1.00f, 0.00f,  17.01f, 0.00f,  1.00f,  107.76f,  0.00f,  0.00f,  1.00f},
      {1.00f, 0.00f,  14.07f, 0.00f,  1.00f,  107.01f,  0.00f,  0.00f,  1.00f},
      {1.00f, 0.00f,  11.19f, 0.00f,  1.00f,  106.40f,  0.00f,  0.00f,  1.00f},
      {1.00f, 0.00f,  8.35f,  0.00f,  1.00f,  105.92f,  0.00f,  0.00f,  1.00f},
      {1.00f, 0.00f,  5.55f,  0.00f,  1.00f,  105.57f,  0.00f,  0.00f,  1.00f},
      {1.00f, 0.00f,  2.77f,  0.00f,  1.00f,  105.37f,  0.00f,  0.00f,  1.00f},
      {1.00f, 0.00f,  0.00f,  0.00f,  1.00f,  105.30f,  0.00f,  0.00f,  1.00f},
      {1.00f, 0.00f,  -2.77f, 0.00f,  1.00f,  105.37f,  0.00f,  0.00f,  1.00f},
      {1.00f, 0.00f,  -5.55f, 0.00f,  1.00f,  105.57f,  0.00f,  0.00f,  1.00f},
      {1.00f, 0.00f,  -8.35f, 0.00f,  1.00f,  105.92f,  0.00f,  0.00f,  1.00f},
      {1.00f, 0.00f,  -11.19f,  0.00f,  1.00f,  106.40f,  0.00f,  0.00f,  1.00f},
      {1.00f, 0.00f,  -14.07f,  0.00f,  1.00f,  107.01f,  0.00f,  0.00f,  1.00f},
      {1.00f, 0.00f,  -17.01f,  0.00f,  1.00f,  107.76f,  0.00f,  0.00f,  1.00f},
      {1.00f, 0.00f,  -20.02f,  0.00f,  1.00f,  108.65f,  0.00f,  0.00f,  1.00f},
      {1.00f, 0.00f,  -23.11f,  0.00f,  1.00f,  109.67f,  0.00f,  0.00f,  1.00f},
      {1.00f, 0.00f,  -26.29f,  0.00f,  1.00f,  110.82f,  0.00f,  0.00f,  1.00f},
      {1.00f, 0.00f,  -29.57f,  0.00f,  1.00f,  112.10f,  0.00f,  0.00f,  1.00f},
      {1.00f, 0.00f,  -32.96f,  0.00f,  1.00f,  113.51f,  0.00f,  0.00f,  1.00f},
      {1.00f, 0.00f,  -36.47f,  0.00f,  1.00f,  115.04f,  0.00f,  0.00f,  1.00f},
      {1.00f, 0.00f,  -40.11f,  0.00f,  1.00f,  116.71f,  0.00f,  0.00f,  1.00f},
      {1.00f, 0.00f,  -43.90f,  0.00f,  1.00f,  118.49f,  0.00f,  0.00f,  1.00f},
      {1.00f, 0.00f,  -47.83f,  0.00f,  1.00f,  120.40f,  0.00f,  0.00f,  1.00f},
      {1.00f, 0.00f,  -51.93f,  0.00f,  1.00f,  122.42f,  0.00f,  0.00f,  1.00f},
      {1.00f, 0.00f,  -56.19f,  0.00f,  1.00f,  124.56f,  0.00f,  0.00f,  1.00f},
      {1.00f, 0.00f,  -60.63f,  0.00f,  1.00f,  126.82f,  0.00f,  0.00f,  1.00f},
      {1.00f, 0.00f,  -65.25f,  0.00f,  1.00f,  129.19f,  0.00f,  0.00f,  1.00f},
      {1.00f, 0.00f,  -70.07f,  0.00f,  1.00f,  131.66f,  0.00f,  0.00f,  1.00f},
      {1.00f, 0.00f,  -75.09f,  0.00f,  1.00f,  134.24f,  0.00f,  0.00f,  1.00f},
      {1.00f, 0.00f,  -80.31f,  0.00f,  1.00f,  136.92f,  0.00f,  0.00f,  1.00f},
      {1.00f, 0.00f,  -85.75f,  0.00f,  1.00f,  139.70f,  0.00f,  0.00f,  1.00f},
      {1.00f, 0.00f,  -91.40f,  0.00f,  1.00f,  142.58f,  0.00f,  0.00f,  1.00f},
      {1.00f, 0.00f,  -97.28f,  0.00f,  1.00f,  145.54f,  0.00f,  0.00f,  1.00f},
      {1.00f, 0.00f,  -103.40f, 0.00f,  1.00f,  148.60f,  0.00f,  0.00f,  1.00f},
      {1.00f, 0.00f,  -109.75f, 0.00f,  1.00f,  151.74f,  0.00f,  0.00f,  1.00f},
      {1.00f, 0.00f,  -116.33f, 0.00f,  1.00f,  154.97f,  0.00f,  0.00f,  1.00f},
      {1.00f, 0.00f,  -123.16f, 0.00f,  1.00f,  158.27f,  0.00f,  0.00f,  1.00f},
      {1.00f, 0.00f,  -130.24f, 0.00f,  1.00f,  161.65f,  0.00f,  0.00f,  1.00f},
      {1.00f, 0.00f,  -137.57f, 0.00f,  1.00f,  165.10f,  0.00f,  0.00f,  1.00f},
      {1.00f, 0.00f,  -145.16f, 0.00f,  1.00f,  168.62f,  0.00f,  0.00f,  1.00f},
      {1.00f, 0.00f,  -152.99f, 0.00f,  1.00f,  172.20f,  0.00f,  0.00f,  1.00f},
      {1.00f, 0.00f,  -161.09f, 0.00f,  1.00f,  175.84f,  0.00f,  0.00f,  1.00f},
      {1.00f, 0.00f,  -169.44f, 0.00f,  1.00f,  179.54f,  0.00f,  0.00f,  1.00f},
      {1.00f, 0.00f,  -178.06f, 0.00f,  1.00f,  183.29f,  0.00f,  0.00f,  1.00f},
      {1.00f, 0.00f,  -186.93f, 0.00f,  1.00f,  187.09f,  0.00f,  0.00f,  1.00f},
      {1.00f, 0.00f,  -196.07f, 0.00f,  1.00f,  190.94f,  0.00f,  0.00f,  1.00f},
      {1.00f, 0.00f,  -205.47f, 0.00f,  1.00f,  194.83f,  0.00f,  0.00f,  1.00f},
      {1.00f, 0.00f,  -215.13f, 0.00f,  1.00f,  198.76f,  0.00f,  0.00f,  1.00f},
      {1.00f, 0.00f,  -225.05f, 0.00f,  1.00f,  202.72f,  0.00f,  0.00f,  1.00f},
      {1.00f, 0.00f,  -235.23f, 0.00f,  1.00f,  206.72f,  0.00f,  0.00f,  1.00f},
      {1.00f, 0.00f,  -245.67f, 0.00f,  1.00f,  210.75f,  0.00f,  0.00f,  1.00f},
      {1.00f, 0.00f,  -256.36f, 0.00f,  1.00f,  214.80f,  0.00f,  0.00f,  1.00f},
      {1.00f, 0.00f,  -267.32f, 0.00f,  1.00f,  218.88f,  0.00f,  0.00f,  1.00f},
      {1.00f, 0.00f,  -278.53f, 0.00f,  1.00f,  222.98f,  0.00f,  0.00f,  1.00f},
      {1.00f, 0.00f,  -289.99f, 0.00f,  1.00f,  227.10f,  0.00f,  0.00f,  1.00f},
      {1.00f, 0.00f,  -301.70f, 0.00f,  1.00f,  231.23f,  0.00f,  0.00f,  1.00f},
      {1.00f, 0.00f,  -313.67f, 0.00f,  1.00f,  235.38f,  0.00f,  0.00f,  1.00f},
      {1.00f, 0.00f,  -325.88f, 0.00f,  1.00f,  239.54f,  0.00f,  0.00f,  1.00f},
      {1.00f, 0.00f,  -338.34f, 0.00f,  1.00f,  243.71f,  0.00f,  0.00f,  1.00f},
      {1.00f, 0.00f,  -351.05f, 0.00f,  1.00f,  247.89f,  0.00f,  0.00f,  1.00f},
      {1.00f, 0.00f,  -364.01f, 0.00f,  1.00f,  252.08f,  0.00f,  0.00f,  1.00f},
      {1.00f, 0.00f,  -377.21f, 0.00f,  1.00f,  256.28f,  0.00f,  0.00f,  1.00f},
      {1.00f, 0.00f,  -390.66f, 0.00f,  1.00f,  260.49f,  0.00f,  0.00f,  1.00f},
      {1.00f, 0.00f,  -404.35f, 0.00f,  1.00f,  264.70f,  0.00f,  0.00f,  1.00f},
      {1.00f, 0.00f,  -418.29f, 0.00f,  1.00f,  268.92f,  0.00f,  0.00f,  1.00f},
      {1.00f, 0.00f,  -432.48f, 0.00f,  1.00f,  273.14f,  0.00f,  0.00f,  1.00f},
      {1.00f, 0.00f,  -446.92f, 0.00f,  1.00f,  277.38f,  0.00f,  0.00f,  1.00f},
      {1.00f, 0.00f,  -461.61f, 0.00f,  1.00f,  281.63f,  0.00f,  0.00f,  1.00f},
      {1.00f, 0.00f,  -476.56f, 0.00f,  1.00f,  285.88f,  0.00f,  0.00f,  1.00f},
      {1.00f, 0.00f,  -491.77f, 0.00f,  1.00f,  290.16f,  0.00f,  0.00f,  1.00f},
      {1.00f, 0.00f,  -507.25f, 0.00f,  1.00f,  294.44f,  0.00f,  0.00f,  1.00f},
      {1.00f, 0.00f,  -523.01f, 0.00f,  1.00f,  298.75f,  0.00f,  0.00f,  1.00f},
      {1.00f, 0.00f,  519.78f,  0.00f,  1.00f,  290.76f,  0.00f,  0.00f,  1.00f},
      {1.00f, 0.00f,  504.04f,  0.00f,  1.00f,  286.52f,  0.00f,  0.00f,  1.00f},
      {1.00f, 0.00f,  488.57f,  0.00f,  1.00f,  282.30f,  0.00f,  0.00f,  1.00f},
      {1.00f, 0.00f,  473.37f,  0.00f,  1.00f,  278.09f,  0.00f,  0.00f,  1.00f},
      {1.00f, 0.00f,  458.43f,  0.00f,  1.00f,  273.90f,  0.00f,  0.00f,  1.00f},
      {1.00f, 0.00f,  443.74f,  0.00f,  1.00f,  269.71f,  0.00f,  0.00f,  1.00f},
      {1.00f, 0.00f,  429.31f,  0.00f,  1.00f,  265.54f,  0.00f,  0.00f,  1.00f},
      {1.00f, 0.00f,  415.13f,  0.00f,  1.00f,  261.37f,  0.00f,  0.00f,  1.00f},
      {1.00f, 0.00f,  401.19f,  0.00f,  1.00f,  257.21f,  0.00f,  0.00f,  1.00f},
      {1.00f, 0.00f,  387.50f,  0.00f,  1.00f,  253.05f,  0.00f,  0.00f,  1.00f},
      {1.00f, 0.00f,  374.06f,  0.00f,  1.00f,  248.90f,  0.00f,  0.00f,  1.00f},
      {1.00f, 0.00f,  360.86f,  0.00f,  1.00f,  244.75f,  0.00f,  0.00f,  1.00f},
      {1.00f, 0.00f,  347.91f,  0.00f,  1.00f,  240.61f,  0.00f,  0.00f,  1.00f},
      {1.00f, 0.00f,  335.21f,  0.00f,  1.00f,  236.48f,  0.00f,  0.00f,  1.00f},
      {1.00f, 0.00f,  322.76f,  0.00f,  1.00f,  232.36f,  0.00f,  0.00f,  1.00f},
      {1.00f, 0.00f,  310.55f,  0.00f,  1.00f,  228.25f,  0.00f,  0.00f,  1.00f},
      {1.00f, 0.00f,  298.59f,  0.00f,  1.00f,  224.14f,  0.00f,  0.00f,  1.00f},
      {1.00f, 0.00f,  286.89f,  0.00f,  1.00f,  220.06f,  0.00f,  0.00f,  1.00f},
      {1.00f, 0.00f,  275.44f,  0.00f,  1.00f,  215.98f,  0.00f,  0.00f,  1.00f},
      {1.00f, 0.00f,  264.25f,  0.00f,  1.00f,  211.93f,  0.00f,  0.00f,  1.00f},
      {1.00f, 0.00f,  253.31f,  0.00f,  1.00f,  207.90f,  0.00f,  0.00f,  1.00f},
      {1.00f, 0.00f,  242.63f,  0.00f,  1.00f,  203.89f,  0.00f,  0.00f,  1.00f},
      {1.00f, 0.00f,  232.22f,  0.00f,  1.00f,  199.90f,  0.00f,  0.00f,  1.00f},
      {1.00f, 0.00f,  222.06f,  0.00f,  1.00f,  195.95f,  0.00f,  0.00f,  1.00f},
      {1.00f, 0.00f,  212.17f,  0.00f,  1.00f,  192.02f,  0.00f,  0.00f,  1.00f},
      {1.00f, 0.00f,  202.53f,  0.00f,  1.00f,  188.13f,  0.00f,  0.00f,  1.00f},
      {1.00f, 0.00f,  193.17f,  0.00f,  1.00f,  184.28f,  0.00f,  0.00f,  1.00f},
      {1.00f, 0.00f,  184.06f,  0.00f,  1.00f,  180.48f,  0.00f,  0.00f,  1.00f},
      {1.00f, 0.00f,  175.22f,  0.00f,  1.00f,  176.71f,  0.00f,  0.00f,  1.00f},
      {1.00f, 0.00f,  166.65f,  0.00f,  1.00f,  173.00f,  0.00f,  0.00f,  1.00f},
      {1.00f, 0.00f,  158.33f,  0.00f,  1.00f,  169.34f,  0.00f,  0.00f,  1.00f},
      {1.00f, 0.00f,  150.28f,  0.00f,  1.00f,  165.73f,  0.00f,  0.00f,  1.00f},
      {1.00f, 0.00f,  142.49f,  0.00f,  1.00f,  162.19f,  0.00f,  0.00f,  1.00f},
      {1.00f, 0.00f,  134.96f,  0.00f,  1.00f,  158.70f,  0.00f,  0.00f,  1.00f},
      {1.00f, 0.00f,  127.68f,  0.00f,  1.00f,  155.29f,  0.00f,  0.00f,  1.00f},
      {1.00f, 0.00f,  120.66f,  0.00f,  1.00f,  151.94f,  0.00f,  0.00f,  1.00f},
      {1.00f, 0.00f,  113.88f,  0.00f,  1.00f,  148.67f,  0.00f,  0.00f,  1.00f},
      {1.00f, 0.00f,  107.35f,  0.00f,  1.00f,  145.48f,  0.00f,  0.00f,  1.00f},
      {1.00f, 0.00f,  101.07f,  0.00f,  1.00f,  142.37f,  0.00f,  0.00f,  1.00f},
      {1.00f, 0.00f,  95.02f, 0.00f,  1.00f,  139.34f,  0.00f,  0.00f,  1.00f},
      {1.00f, 0.00f,  89.21f, 0.00f,  1.00f,  136.40f,  0.00f,  0.00f,  1.00f},
      {1.00f, 0.00f,  83.62f, 0.00f,  1.00f,  133.55f,  0.00f,  0.00f,  1.00f},
      {1.00f, 0.00f,  78.26f, 0.00f,  1.00f,  130.80f,  0.00f,  0.00f,  1.00f},
      {1.00f, 0.00f,  73.11f, 0.00f,  1.00f,  128.15f,  0.00f,  0.00f,  1.00f},
      {1.00f, 0.00f,  68.17f, 0.00f,  1.00f,  125.59f,  0.00f,  0.00f,  1.00f},
      {1.00f, 0.00f,  63.44f, 0.00f,  1.00f,  123.14f,  0.00f,  0.00f,  1.00f},
      {1.00f, 0.00f,  58.89f, 0.00f,  1.00f,  120.80f,  0.00f,  0.00f,  1.00f},
      {1.00f, 0.00f,  54.54f, 0.00f,  1.00f,  118.57f,  0.00f,  0.00f,  1.00f},
      {1.00f, 0.00f,  50.36f, 0.00f,  1.00f,  116.45f,  0.00f,  0.00f,  1.00f},
      {1.00f, 0.00f,  46.36f, 0.00f,  1.00f,  114.44f,  0.00f,  0.00f,  1.00f},
      {1.00f, 0.00f,  42.51f, 0.00f,  1.00f,  112.55f,  0.00f,  0.00f,  1.00f},
      {1.00f, 0.00f,  38.82f, 0.00f,  1.00f,  110.79f,  0.00f,  0.00f,  1.00f},
      {1.00f, 0.00f,  35.27f, 0.00f,  1.00f,  109.14f,  0.00f,  0.00f,  1.00f},
      {1.00f, 0.00f,  31.85f, 0.00f,  1.00f,  107.62f,  0.00f,  0.00f,  1.00f},
      {1.00f, 0.00f,  28.56f, 0.00f,  1.00f,  106.22f,  0.00f,  0.00f,  1.00f},
      {1.00f, 0.00f,  25.38f, 0.00f,  1.00f,  104.95f,  0.00f,  0.00f,  1.00f},
      {1.00f, 0.00f,  22.30f, 0.00f,  1.00f,  103.81f,  0.00f,  0.00f,  1.00f},
      {1.00f, 0.00f,  19.31f, 0.00f,  1.00f,  102.81f,  0.00f,  0.00f,  1.00f},
      {1.00f, 0.00f,  16.40f, 0.00f,  1.00f,  101.93f,  0.00f,  0.00f,  1.00f},
      {1.00f, 0.00f,  13.56f, 0.00f,  1.00f,  101.19f,  0.00f,  0.00f,  1.00f},
      {1.00f, 0.00f,  10.78f, 0.00f,  1.00f,  100.58f,  0.00f,  0.00f,  1.00f},
      {1.00f, 0.00f,  8.04f,  0.00f,  1.00f,  100.10f,  0.00f,  0.00f,  1.00f},
      {1.00f, 0.00f,  5.34f,  0.00f,  1.00f,  99.76f, 0.00f,  0.00f,  1.00f},
      {1.00f, 0.00f,  2.67f,  0.00f,  1.00f,  99.56f, 0.00f,  0.00f,  1.00f},
      {1.00f, 0.00f,  0.00f,  0.00f,  1.00f,  99.49f, 0.00f,  0.00f,  1.00f},
      {1.00f, 0.00f,  -2.67f, 0.00f,  1.00f,  99.56f, 0.00f,  0.00f,  1.00f},
      {1.00f, 0.00f,  -5.34f, 0.00f,  1.00f,  99.76f, 0.00f,  0.00f,  1.00f},
      {1.00f, 0.00f,  -8.04f, 0.00f,  1.00f,  100.10f,  0.00f,  0.00f,  1.00f},
      {1.00f, 0.00f,  -10.78f,  0.00f,  1.00f,  100.58f,  0.00f,  0.00f,  1.00f},
      {1.00f, 0.00f,  -13.56f,  0.00f,  1.00f,  101.19f,  0.00f,  0.00f,  1.00f},
      {1.00f, 0.00f,  -16.40f,  0.00f,  1.00f,  101.93f,  0.00f,  0.00f,  1.00f},
      {1.00f, 0.00f,  -19.31f,  0.00f,  1.00f,  102.81f,  0.00f,  0.00f,  1.00f},
      {1.00f, 0.00f,  -22.30f,  0.00f,  1.00f,  103.81f,  0.00f,  0.00f,  1.00f},
      {1.00f, 0.00f,  -25.38f,  0.00f,  1.00f,  104.95f,  0.00f,  0.00f,  1.00f},
      {1.00f, 0.00f,  -28.56f,  0.00f,  1.00f,  106.22f,  0.00f,  0.00f,  1.00f},
      {1.00f, 0.00f,  -31.85f,  0.00f,  1.00f,  107.62f,  0.00f,  0.00f,  1.00f},
      {1.00f, 0.00f,  -35.27f,  0.00f,  1.00f,  109.14f,  0.00f,  0.00f,  1.00f},
      {1.00f, 0.00f,  -38.82f,  0.00f,  1.00f,  110.79f,  0.00f,  0.00f,  1.00f},
      {1.00f, 0.00f,  -42.51f,  0.00f,  1.00f,  112.55f,  0.00f,  0.00f,  1.00f},
      {1.00f, 0.00f,  -46.36f,  0.00f,  1.00f,  114.44f,  0.00f,  0.00f,  1.00f},
      {1.00f, 0.00f,  -50.36f,  0.00f,  1.00f,  116.45f,  0.00f,  0.00f,  1.00f},
      {1.00f, 0.00f,  -54.54f,  0.00f,  1.00f,  118.57f,  0.00f,  0.00f,  1.00f},
      {1.00f, 0.00f,  -58.89f,  0.00f,  1.00f,  120.80f,  0.00f,  0.00f,  1.00f},
      {1.00f, 0.00f,  -63.44f,  0.00f,  1.00f,  123.14f,  0.00f,  0.00f,  1.00f},
      {1.00f, 0.00f,  -68.17f,  0.00f,  1.00f,  125.59f,  0.00f,  0.00f,  1.00f},
      {1.00f, 0.00f,  -73.11f,  0.00f,  1.00f,  128.15f,  0.00f,  0.00f,  1.00f},
      {1.00f, 0.00f,  -78.26f,  0.00f,  1.00f,  130.80f,  0.00f,  0.00f,  1.00f},
      {1.00f, 0.00f,  -83.62f,  0.00f,  1.00f,  133.55f,  0.00f,  0.00f,  1.00f},
      {1.00f, 0.00f,  -89.21f,  0.00f,  1.00f,  136.40f,  0.00f,  0.00f,  1.00f},
      {1.00f, 0.00f,  -95.02f,  0.00f,  1.00f,  139.34f,  0.00f,  0.00f,  1.00f},
      {1.00f, 0.00f,  -101.07f, 0.00f,  1.00f,  142.37f,  0.00f,  0.00f,  1.00f},
      {1.00f, 0.00f,  -107.35f, 0.00f,  1.00f,  145.48f,  0.00f,  0.00f,  1.00f},
      {1.00f, 0.00f,  -113.88f, 0.00f,  1.00f,  148.67f,  0.00f,  0.00f,  1.00f},
      {1.00f, 0.00f,  -120.66f, 0.00f,  1.00f,  151.94f,  0.00f,  0.00f,  1.00f},
      {1.00f, 0.00f,  -127.68f, 0.00f,  1.00f,  155.29f,  0.00f,  0.00f,  1.00f},
      {1.00f, 0.00f,  -134.96f, 0.00f,  1.00f,  158.70f,  0.00f,  0.00f,  1.00f},
      {1.00f, 0.00f,  -142.49f, 0.00f,  1.00f,  162.19f,  0.00f,  0.00f,  1.00f},
      {1.00f, 0.00f,  -150.28f, 0.00f,  1.00f,  165.73f,  0.00f,  0.00f,  1.00f},
      {1.00f, 0.00f,  -158.33f, 0.00f,  1.00f,  169.34f,  0.00f,  0.00f,  1.00f},
      {1.00f, 0.00f,  -166.65f, 0.00f,  1.00f,  173.00f,  0.00f,  0.00f,  1.00f},
      {1.00f, 0.00f,  -175.22f, 0.00f,  1.00f,  176.71f,  0.00f,  0.00f,  1.00f},
      {1.00f, 0.00f,  -184.06f, 0.00f,  1.00f,  180.48f,  0.00f,  0.00f,  1.00f},
      {1.00f, 0.00f,  -193.17f, 0.00f,  1.00f,  184.28f,  0.00f,  0.00f,  1.00f},
      {1.00f, 0.00f,  -202.53f, 0.00f,  1.00f,  188.13f,  0.00f,  0.00f,  1.00f},
      {1.00f, 0.00f,  -212.17f, 0.00f,  1.00f,  192.02f,  0.00f,  0.00f,  1.00f},
      {1.00f, 0.00f,  -222.06f, 0.00f,  1.00f,  195.95f,  0.00f,  0.00f,  1.00f},
      {1.00f, 0.00f,  -232.22f, 0.00f,  1.00f,  199.90f,  0.00f,  0.00f,  1.00f},
      {1.00f, 0.00f,  -242.63f, 0.00f,  1.00f,  203.89f,  0.00f,  0.00f,  1.00f},
      {1.00f, 0.00f,  -253.31f, 0.00f,  1.00f,  207.90f,  0.00f,  0.00f,  1.00f},
      {1.00f, 0.00f,  -264.25f, 0.00f,  1.00f,  211.93f,  0.00f,  0.00f,  1.00f},
      {1.00f, 0.00f,  -275.44f, 0.00f,  1.00f,  215.98f,  0.00f,  0.00f,  1.00f},
      {1.00f, 0.00f,  -286.89f, 0.00f,  1.00f,  220.06f,  0.00f,  0.00f,  1.00f},
      {1.00f, 0.00f,  -298.59f, 0.00f,  1.00f,  224.14f,  0.00f,  0.00f,  1.00f},
      {1.00f, 0.00f,  -310.55f, 0.00f,  1.00f,  228.25f,  0.00f,  0.00f,  1.00f},
      {1.00f, 0.00f,  -322.76f, 0.00f,  1.00f,  232.36f,  0.00f,  0.00f,  1.00f},
      {1.00f, 0.00f,  -335.21f, 0.00f,  1.00f,  236.48f,  0.00f,  0.00f,  1.00f},
      {1.00f, 0.00f,  -347.91f, 0.00f,  1.00f,  240.61f,  0.00f,  0.00f,  1.00f},
      {1.00f, 0.00f,  -360.86f, 0.00f,  1.00f,  244.75f,  0.00f,  0.00f,  1.00f},
      {1.00f, 0.00f,  -374.06f, 0.00f,  1.00f,  248.90f,  0.00f,  0.00f,  1.00f},
      {1.00f, 0.00f,  -387.50f, 0.00f,  1.00f,  253.05f,  0.00f,  0.00f,  1.00f},
      {1.00f, 0.00f,  -401.19f, 0.00f,  1.00f,  257.21f,  0.00f,  0.00f,  1.00f},
      {1.00f, 0.00f,  -415.13f, 0.00f,  1.00f,  261.37f,  0.00f,  0.00f,  1.00f},
      {1.00f, 0.00f,  -429.31f, 0.00f,  1.00f,  265.54f,  0.00f,  0.00f,  1.00f},
      {1.00f, 0.00f,  -443.74f, 0.00f,  1.00f,  269.71f,  0.00f,  0.00f,  1.00f},
      {1.00f, 0.00f,  -458.43f, 0.00f,  1.00f,  273.90f,  0.00f,  0.00f,  1.00f},
      {1.00f, 0.00f,  -473.37f, 0.00f,  1.00f,  278.09f,  0.00f,  0.00f,  1.00f},
      {1.00f, 0.00f,  -488.57f, 0.00f,  1.00f,  282.30f,  0.00f,  0.00f,  1.00f},
      {1.00f, 0.00f,  -504.04f, 0.00f,  1.00f,  286.52f,  0.00f,  0.00f,  1.00f},
      {1.00f, 0.00f,  -519.78f, 0.00f,  1.00f,  290.76f,  0.00f,  0.00f,  1.00f},
      {1.00f, 0.00f,  516.60f,  0.00f,  1.00f,  282.87f,  0.00f,  0.00f,  1.00f},
      {1.00f, 0.00f,  500.87f,  0.00f,  1.00f,  278.70f,  0.00f,  0.00f,  1.00f},
      {1.00f, 0.00f,  485.42f,  0.00f,  1.00f,  274.55f,  0.00f,  0.00f,  1.00f},
      {1.00f, 0.00f,  470.22f,  0.00f,  1.00f,  270.41f,  0.00f,  0.00f,  1.00f},
      {1.00f, 0.00f,  455.29f,  0.00f,  1.00f,  266.28f,  0.00f,  0.00f,  1.00f},
      {1.00f, 0.00f,  440.61f,  0.00f,  1.00f,  262.16f,  0.00f,  0.00f,  1.00f},
      {1.00f, 0.00f,  426.18f,  0.00f,  1.00f,  258.04f,  0.00f,  0.00f,  1.00f},
      {1.00f, 0.00f,  412.00f,  0.00f,  1.00f,  253.93f,  0.00f,  0.00f,  1.00f},
      {1.00f, 0.00f,  398.07f,  0.00f,  1.00f,  249.82f,  0.00f,  0.00f,  1.00f},
      {1.00f, 0.00f,  384.39f,  0.00f,  1.00f,  245.72f,  0.00f,  0.00f,  1.00f},
      {1.00f, 0.00f,  370.95f,  0.00f,  1.00f,  241.63f,  0.00f,  0.00f,  1.00f},
      {1.00f, 0.00f,  357.76f,  0.00f,  1.00f,  237.53f,  0.00f,  0.00f,  1.00f},
      {1.00f, 0.00f,  344.81f,  0.00f,  1.00f,  233.45f,  0.00f,  0.00f,  1.00f},
      {1.00f, 0.00f,  332.12f,  0.00f,  1.00f,  229.37f,  0.00f,  0.00f,  1.00f},
      {1.00f, 0.00f,  319.67f,  0.00f,  1.00f,  225.30f,  0.00f,  0.00f,  1.00f},
      {1.00f, 0.00f,  307.47f,  0.00f,  1.00f,  221.23f,  0.00f,  0.00f,  1.00f},
      {1.00f, 0.00f,  295.52f,  0.00f,  1.00f,  217.18f,  0.00f,  0.00f,  1.00f},
      {1.00f, 0.00f,  283.83f,  0.00f,  1.00f,  213.14f,  0.00f,  0.00f,  1.00f},
      {1.00f, 0.00f,  272.39f,  0.00f,  1.00f,  209.12f,  0.00f,  0.00f,  1.00f},
      {1.00f, 0.00f,  261.22f,  0.00f,  1.00f,  205.11f,  0.00f,  0.00f,  1.00f},
      {1.00f, 0.00f,  250.30f,  0.00f,  1.00f,  201.12f,  0.00f,  0.00f,  1.00f},
      {1.00f, 0.00f,  239.64f,  0.00f,  1.00f,  197.16f,  0.00f,  0.00f,  1.00f},
      {1.00f, 0.00f,  229.24f,  0.00f,  1.00f,  193.22f,  0.00f,  0.00f,  1.00f},
      {1.00f, 0.00f,  219.10f,  0.00f,  1.00f,  189.30f,  0.00f,  0.00f,  1.00f},
      {1.00f, 0.00f,  209.23f,  0.00f,  1.00f,  185.42f,  0.00f,  0.00f,  1.00f},
      {1.00f, 0.00f,  199.63f,  0.00f,  1.00f,  181.58f,  0.00f,  0.00f,  1.00f},
      {1.00f, 0.00f,  190.29f,  0.00f,  1.00f,  177.77f,  0.00f,  0.00f,  1.00f},
      {1.00f, 0.00f,  181.22f,  0.00f,  1.00f,  174.00f,  0.00f,  0.00f,  1.00f},
      {1.00f, 0.00f,  172.42f,  0.00f,  1.00f,  170.28f,  0.00f,  0.00f,  1.00f},
      {1.00f, 0.00f,  163.88f,  0.00f,  1.00f,  166.61f,  0.00f,  0.00f,  1.00f},
      {1.00f, 0.00f,  155.61f,  0.00f,  1.00f,  162.98f,  0.00f,  0.00f,  1.00f},
      {1.00f, 0.00f,  147.60f,  0.00f,  1.00f,  159.42f,  0.00f,  0.00f,  1.00f},
      {1.00f, 0.00f,  139.85f,  0.00f,  1.00f,  155.91f,  0.00f,  0.00f,  1.00f},
      {1.00f, 0.00f,  132.37f,  0.00f,  1.00f,  152.46f,  0.00f,  0.00f,  1.00f},
      {1.00f, 0.00f,  125.14f,  0.00f,  1.00f,  149.08f,  0.00f,  0.00f,  1.00f},
      {1.00f, 0.00f,  118.17f,  0.00f,  1.00f,  145.77f,  0.00f,  0.00f,  1.00f},
      {1.00f, 0.00f,  111.46f,  0.00f,  1.00f,  142.54f,  0.00f,  0.00f,  1.00f},
      {1.00f, 0.00f,  104.99f,  0.00f,  1.00f,  139.38f,  0.00f,  0.00f,  1.00f},
      {1.00f, 0.00f,  98.77f, 0.00f,  1.00f,  136.30f,  0.00f,  0.00f,  1.00f},
      {1.00f, 0.00f,  92.78f, 0.00f,  1.00f,  133.30f,  0.00f,  0.00f,  1.00f},
      {1.00f, 0.00f,  87.04f, 0.00f,  1.00f,  130.40f,  0.00f,  0.00f,  1.00f},
      {1.00f, 0.00f,  81.52f, 0.00f,  1.00f,  127.58f,  0.00f,  0.00f,  1.00f},
      {1.00f, 0.00f,  76.23f, 0.00f,  1.00f,  124.85f,  0.00f,  0.00f,  1.00f},
      {1.00f, 0.00f,  71.16f, 0.00f,  1.00f,  122.23f,  0.00f,  0.00f,  1.00f},
      {1.00f, 0.00f,  66.29f, 0.00f,  1.00f,  119.70f,  0.00f,  0.00f,  1.00f},
      {1.00f, 0.00f,  61.64f, 0.00f,  1.00f,  117.28f,  0.00f,  0.00f,  1.00f},
      {1.00f, 0.00f,  57.18f, 0.00f,  1.00f,  114.96f,  0.00f,  0.00f,  1.00f},
      {1.00f, 0.00f,  52.90f, 0.00f,  1.00f,  112.75f,  0.00f,  0.00f,  1.00f},
      {1.00f, 0.00f,  48.81f, 0.00f,  1.00f,  110.65f,  0.00f,  0.00f,  1.00f},
      {1.00f, 0.00f,  44.90f, 0.00f,  1.00f,  108.67f,  0.00f,  0.00f,  1.00f},
      {1.00f, 0.00f,  41.14f, 0.00f,  1.00f,  106.80f,  0.00f,  0.00f,  1.00f},
      {1.00f, 0.00f,  37.54f, 0.00f,  1.00f,  105.05f,  0.00f,  0.00f,  1.00f},
      {1.00f, 0.00f,  34.08f, 0.00f,  1.00f,  103.42f,  0.00f,  0.00f,  1.00f},
      {1.00f, 0.00f,  30.76f, 0.00f,  1.00f,  101.91f,  0.00f,  0.00f,  1.00f},
